0 0.50390625 0.36747685185185186 0.9644097222222222 0.46875
0 0.5672743055555556 0.8009259259259259 0.3741319444444444 0.18055555555555555
0 0.875 0.0630787037037037 0.050347222222222224 0.02199074074074074
0 0.78125 0.046296296296296294 0.050347222222222224 0.018518518518518517
0 0.7782118055555556 0.08912037037037036 0.051215277777777776 0.016203703703703703
0 0.8741319444444444 0.1087962962962963 0.04861111111111111 0.018518518518518517
0 0.8663194444444444 0.19791666666666666 0.046875 0.023148148148148147
0 0.8285590277777778 0.23668981481481483 0.06336805555555555 0.02662037037037037
0 0.7118055555555556 0.2152777777777778 0.0642361111111111 0.016203703703703703
0 0.8641493055555556 0.2621527777777778 0.04774305555555555 0.017361111111111112
0 0.703125 0.27835648148148145 0.0625 0.017361111111111112
0 0.8224826388888888 0.30324074074074076 0.06336805555555555 0.023148148148148147
0 0.8602430555555556 0.3298611111111111 0.041666666666666664 0.018518518518518517
0 0.8532986111111112 0.3900462962962963 0.04861111111111111 0.020833333333333332
0 0.8172743055555556 0.39699074074074076 0.059895833333333336 0.02546296296296296
0 0.6987847222222222 0.3767361111111111 0.05555555555555555 0.015046296296296295
0 0.7955729166666666 0.6521990740740741 0.06336805555555555 0.024305555555555556
0 0.6796875 0.6284722222222222 0.06076388888888889 0.013888888888888888
0 0.6848958333333334 0.5306712962962963 0.05555555555555555 0.017361111111111112
0 0.8072916666666666 0.5549768518518519 0.04861111111111111 0.02199074074074074
0 0.9605034722222222 0.734375 0.07378472222222222 0.01273148148148148
