2 0.43118206521739133 0.08082247557003257 0.18192934782608697 0.07125407166123779
2 0.4489809782608696 0.22343241042345277 0.21589673913043478 0.07349348534201955
2 0.4391983695652174 0.40207654723127034 0.18872282608695654 0.06433224755700326
2 0.48817934782608696 0.5327768729641694 0.23695652173913043 0.07695439739413681
2 0.5127717391304348 0.7656758957654723 0.28152173913043477 0.09039087947882736
2 0.5180027173913043 0.9460504885993485 0.2770380434782609 0.08713355048859935
2 0.0811141304347826 0.7831840390879479 0.16195652173913044 0.08021172638436481
2 0.07058423913043478 0.9648819218241043 0.1408967391304348 0.07023615635179153
2 0.07282608695652174 0.5457043973941368 0.1453804347826087 0.07797231270358307
2 0.0686820652173913 0.40553745928338764 0.13709239130434783 0.09161237785016287
2 0.07622282608695652 0.2182410423452769 0.15217391304347827 0.03623778501628665
2 0.08342391304347826 0.07634364820846906 0.16657608695652174 0.06881107491856678
