2 0.48220108695652175 0.35515065146579805 0.23396739130434782 0.09059446254071661
2 0.46664402173913044 0.24307817589576547 0.1985054347826087 0.08143322475570032
2 0.46297554347826086 0.06952361563517916 0.23627717391304348 0.09833061889250815
2 0.4855298913043478 0.5853013029315961 0.2770380434782609 0.10301302931596092
2 0.4844429347826087 0.7685260586319218 0.25203804347826086 0.08265472312703583
2 0.06983695652173913 0.7453175895765473 0.13940217391304346 0.0724755700325733
2 0.06827445652173914 0.5609731270358306 0.13627717391304348 0.07675081433224756
2 0.06983695652173913 0.3302117263843648 0.13940217391304346 0.0496742671009772
2 0.08376358695652174 0.20979234527687296 0.1672554347826087 0.08245114006514657
2 0.09171195652173914 0.030639250814332247 0.18315217391304348 0.06087133550488599
