2 0.45160060975609756 0.18978658536585366 0.15523373983739838 0.1402439024390244
2 0.40485264227642276 0.5417301829268293 0.13541666666666666 0.14900914634146342
2 0.35289634146341464 0.8725228658536586 0.14939024390243902 0.1131859756097561
2 0.6417682926829268 0.04916158536585366 0.13821138211382114 0.06707317073170732
2 0.579395325203252 0.3990091463414634 0.1404979674796748 0.07393292682926829
2 0.546875 0.7200838414634146 0.10696138211382114 0.06821646341463415
2 0.8132621951219512 0.5535442073170732 0.14176829268292682 0.16349085365853658
2 0.7916666666666666 0.9376905487804879 0.12703252032520326 0.12461890243902439
2 0.9682418699186992 0.40396341463414637 0.06351626016260163 0.054878048780487805
2 0.9503302845528455 0.7694359756097561 0.09933943089430894 0.0975609756097561
