2 0.5724184782608696 0.08479234527687296 0.1532608695652174 0.04987785016286645
2 0.5553668478260869 0.22109120521172637 0.20230978260869564 0.06229641693811075
2 0.5667119565217391 0.41001628664495116 0.1842391304347826 0.05537459283387622
2 0.5082201086956522 0.5394951140065146 0.2392663043478261 0.06555374592833876
2 0.4863451086956522 0.7753460912052117 0.26046195652173915 0.06901465798045603
2 0.4919836956521739 0.9557206840390879 0.23396739130434782 0.06779315960912052
2 0.9173233695652174 0.07400244299674268 0.1637228260869565 0.048656351791530945
2 0.9275135869565218 0.21376221498371337 0.14497282608695652 0.03623778501628665
2 0.930570652173913 0.40034609120521175 0.1388586956521739 0.05191368078175896
2 0.9271739130434783 0.5394951140065146 0.14565217391304347 0.06555374592833876
2 0.9169836956521739 0.7764657980456026 0.16603260869565217 0.06677524429967427
2 0.9324048913043478 0.9551099348534202 0.13519021739130435 0.06005700325732899
