2 0.5570376016260162 0.1876905487804878 0.13592479674796748 0.14900914634146342
2 0.6028963414634146 0.551829268292683 0.12347560975609756 0.1402439024390244
2 0.6496443089430894 0.8746189024390244 0.133130081300813 0.14253048780487804
2 0.44448678861788615 0.7109375 0.12169715447154472 0.07736280487804878
2 0.4059959349593496 0.3955792682926829 0.11788617886178862 0.08307926829268293
2 0.3626778455284553 0.052591463414634144 0.12423780487804878 0.07164634146341463
2 0.19486788617886178 0.5524009146341463 0.14583333333333334 0.16120426829268292
2 0.21290650406504066 0.9331173780487805 0.12042682926829268 0.13376524390243902
2 0.042809959349593495 0.7766768292682927 0.08511178861788618 0.10289634146341463
2 0.028963414634146343 0.40396341463414637 0.05741869918699187 0.0861280487804878
