2 0.46664402173913044 0.06494299674267101 0.19741847826086956 0.06229641693811075
2 0.46195652173913043 0.25142508143322473 0.18233695652173912 0.05985342019543974
2 0.4874320652173913 0.36828175895765475 0.23165760869565216 0.0728827361563518
2 0.4845108695652174 0.592121335504886 0.2546195652173913 0.07715798045602607
2 0.4902173913043478 0.7726995114006515 0.22880434782608697 0.07186482084690554
2 0.0891304347826087 0.03013029315960912 0.16875 0.04804560260586319
2 0.08729619565217392 0.21701954397394138 0.17078804347826088 0.04071661237785016
2 0.06976902173913044 0.33336726384364823 0.1373641304347826 0.054763843648208466
2 0.06766304347826087 0.5653501628664495 0.13016304347826088 0.05374592833876222
2 0.06188858695652174 0.7474552117263844 0.12296195652173914 0.04499185667752443
